     ¹               x                    y
     1               0                    0
     2             0.1             -2.97556
     3             0.2             -5.90237
     4             0.3             -8.78069
     5             0.4             -11.6107
     6             0.5             -14.3928
     7             0.6             -17.1271
     8             0.7             -19.8139
     9             0.8             -22.4534
    10             0.9             -25.0459
    11               1             -27.5916
    12             1.1             -30.0908
    13             1.2             -32.5437
    14             1.3             -34.9506
    15             1.4             -37.3117
    16             1.5             -39.6272
    17             1.6             -41.8974
    18             1.7             -44.1225
    19             1.8             -46.3027
    20             1.9             -48.4384
    21               2             -50.5297
    22             2.1             -52.5769
    23             2.2             -54.5803
    24             2.3             -56.5399
    25             2.4             -58.4562
    26             2.5             -60.3293
    27             2.6             -62.1594
    28             2.7             -63.9469
    29             2.8             -65.6919
    30             2.9             -67.3946
    31               3             -69.0554
    32             3.1             -70.6743
    33             3.2             -72.2518
    34             3.3             -73.7879
    35             3.4             -75.2829
    36             3.5             -76.7371
    37             3.6             -78.1507
    38             3.7             -79.5239
    39             3.8              -80.857
    40             3.9             -82.1501
    41               4             -83.4035
    42             4.1             -84.6174
    43             4.2              -85.792
    44             4.3             -86.9277
    45             4.4             -88.0245
    46             4.5             -89.0827
    47             4.6             -90.1026
    48             4.7             -91.0844
    49             4.8             -92.0282
    50             4.9             -92.9344
    51               5             -93.8031
    52             5.1             -94.6345
    53             5.2             -95.4289
    54             5.3             -96.1865
    55             5.4             -96.9075
    56             5.5             -97.5921
    57             5.6             -98.2406
    58             5.7             -98.8531
    59             5.8             -99.4299
    60             5.9             -99.9712
    61               6             -100.477
    62             6.1             -100.948
    63             6.2             -101.384
    64             6.3             -101.786
    65             6.4             -102.152
    66             6.5             -102.485
    67             6.6             -102.784
    68             6.7             -103.049
    69             6.8              -103.28
    70             6.9             -103.478
    71               7             -103.643
    72             7.1             -103.775
    73             7.2             -103.874
    74             7.3              -103.94
    75             7.4             -103.974
    76             7.5             -103.976
    77             7.6             -103.946
    78             7.7             -103.884
    79             7.8             -103.791
    80             7.9             -103.667
    81               8             -103.511
    82             8.1             -103.324
    83             8.2             -103.107
    84             8.3             -102.859
    85             8.4             -102.581
    86             8.5             -102.273
    87             8.6             -101.934
    88             8.7             -101.567
    89             8.8             -101.169
    90             8.9             -100.742
    91               9             -100.286
    92             9.1             -99.8016
    93             9.2             -99.2881
    94             9.3              -98.746
    95             9.4             -98.1755
    96             9.5             -97.5769
    97             9.6             -96.9504
    98             9.7             -96.2961
    99             9.8             -95.6142
   100             9.9              -94.905
   101              10             -94.1685
   102            10.1              -93.405
   103            10.2             -92.6148
   104            10.3             -91.7979
   105            10.4             -90.9546
   106            10.5              -90.085
   107            10.6             -89.1894
   108            10.7             -88.2679
   109            10.8             -87.3207
   110            10.9             -86.3481
   111              11             -85.3501
   112            11.1              -84.327
   113            11.2             -83.2789
   114            11.3             -82.2061
   115            11.4             -81.1086
   116            11.5             -79.9868
   117            11.6             -78.8408
   118            11.7             -77.6708
   119            11.8             -76.4768
   120            11.9             -75.2592
   121              12             -74.0181
   122            12.1             -72.7537
   123            12.2             -71.4662
   124            12.3             -70.1556
   125            12.4             -68.8223
   126            12.5             -67.4664
   127            12.6              -66.088
   128            12.7             -64.6874
   129            12.8             -63.2647
   130            12.9             -61.8201
   131              13             -60.3537
   132            13.1             -58.8658
   133            13.2             -57.3564
   134            13.3             -55.8259
   135            13.4             -54.2742
   136            13.5             -52.7017
   137            13.6             -51.1085
   138            13.7             -49.4947
   139            13.8             -47.8606
   140            13.9             -46.2062
   141              14             -44.5318
   142            14.1             -42.8375
   143            14.2             -41.1234
   144            14.3             -39.3899
   145            14.4             -37.6369
   146            14.5             -35.8648
   147            14.6             -34.0735
   148            14.7             -32.2634
   149            14.8             -30.4346
   150            14.9             -28.5871
   151              15             -26.7213
   152            15.1             -24.8372
   153            15.2             -22.9351
   154            15.3             -21.0149
   155            15.4             -19.0771
   156            15.5             -17.1216
   157            15.6             -15.1486
   158            15.7             -13.1584
   159            15.8              -11.151
   160            15.9             -9.12658
   161              16             -7.08536
   162            16.1             -5.02746
   163            16.2             -2.95303
   164            16.3            -0.862229
   165            16.4              1.24479
   166            16.5              3.36788
   167            16.6              5.50689
   168            16.7              7.66167
   169            16.8              9.83206
   170            16.9              12.0179
   171              17              14.2191
   172            17.1              16.4354
   173            17.2              18.6668
   174            17.3              20.9131
   175            17.4               23.174
   176            17.5              25.4496
   177            17.6              27.7396
   178            17.7              30.0439
   179            17.8              32.3623
   180            17.9              34.6948
   181              18              37.0411
   182            18.1              39.4011
   183            18.2              41.7747
   184            18.3              44.1617
   185            18.4              46.5621
   186            18.5              48.9756
   187            18.6              51.4021
   188            18.7              53.8415
   189            18.8              56.2936
   190            18.9              58.7583
   191              19              61.2355
   192            19.1              63.7251
   193            19.2              66.2268
   194            19.3              68.7406
   195            19.4              71.2663
   196            19.5              73.8038
   197            19.6              76.3529
   198            19.7              78.9136
   199            19.8              81.4857
   200            19.9               84.069
   201              20              86.6635
   202            20.1               89.269
   203            20.2              91.8853
   204            20.3              94.5124
   205            20.4              97.1501
   206            20.5              99.7983
   207            20.6              102.457
   208            20.7              105.126
   209            20.8              107.804
   210            20.9              110.493
   211              21              113.192
   212            21.1                115.9
   213            21.2              118.618
   214            21.3              121.346
   215            21.4              124.083
   216            21.5              126.829
   217            21.6              129.584
   218            21.7              132.348
   219            21.8              135.122
   220            21.9              137.903
   221              22              140.694
   222            22.1              143.493
   223            22.2                146.3
   224            22.3              149.116
   225            22.4               151.94
   226            22.5              154.772
   227            22.6              157.612
   228            22.7               160.46
   229            22.8              163.315
   230            22.9              166.178
   231              23              169.048
   232            23.1              171.926
   233            23.2              174.811
   234            23.3              177.704
   235            23.4              180.603
   236            23.5              183.509
   237            23.6              186.422
   238            23.7              189.342
   239            23.8              192.268
   240            23.9              195.201
   241              24               198.14
   242            24.1              201.086
   243            24.2              204.038
   244            24.3              206.995
   245            24.4              209.959
   246            24.5              212.929
   247            24.6              215.904
   248            24.7              218.885
   249            24.8              221.872
   250            24.9              224.864
   251              25              227.861
   252            25.1              230.864
   253            25.2              233.871
   254            25.3              236.884
   255            25.4              239.902
   256            25.5              242.924
   257            25.6              245.952
   258            25.7              248.984
   259            25.8               252.02
   260            25.9              255.062
   261              26              258.107
   262            26.1              261.157
   263            26.2              264.211
   264            26.3              267.269
   265            26.4              270.331
   266            26.5              273.396
   267            26.6              276.466
   268            26.7               279.54
   269            26.8              282.617
   270            26.9              285.697
   271              27              288.781
   272            27.1              291.869
   273            27.2               294.96
   274            27.3              298.054
   275            27.4              301.151
   276            27.5              304.251
   277            27.6              307.354
   278            27.7               310.46
   279            27.8              313.568
   280            27.9               316.68
   281              28              319.793
   282            28.1               322.91
   283            28.2              326.029
   284            28.3               329.15
   285            28.4              332.274
   286            28.5              335.399
   287            28.6              338.527
   288            28.7              341.657
   289            28.8              344.789
   290            28.9              347.922
   291              29              351.058
   292            29.1              354.195
   293            29.2              357.334
   294            29.3              360.475
   295            29.4              363.617
   296            29.5               366.76
   297            29.6              369.905
   298            29.7              373.051
   299            29.8              376.198
   300            29.9              379.347
   301              30              382.496
